2 2 5 1 1
2 2 5 1 0.75
2 2 5 1 0.5
2 2 5 1 0.25
2 2 5 1 0.1
2 2 5 0.75 1
2 2 5 0.75 0.75
2 2 5 0.75 0.5
2 2 5 0.75 0.25
2 2 5 0.75 0.1
2 2 5 0.5 1
2 2 5 0.5 0.75
2 2 5 0.5 0.5
2 2 5 0.5 0.25
2 2 5 0.5 0.1
2 2 5 0.25 1
2 2 5 0.25 0.75
2 2 5 0.25 0.5
2 2 5 0.25 0.25
2 2 5 0.25 0.1
2 2 5 0.1 1
2 2 5 0.1 0.75
2 2 5 0.1 0.5
2 2 5 0.1 0.25
2 2 5 0.1 0.1
2 2 8 1 1
2 2 8 1 0.75
2 2 8 1 0.5
2 2 8 1 0.25
2 2 8 1 0.1
2 2 8 0.75 1
2 2 8 0.75 0.75
2 2 8 0.75 0.5
2 2 8 0.75 0.25
2 2 8 0.75 0.1
2 2 8 0.5 1
2 2 8 0.5 0.75
2 2 8 0.5 0.5
2 2 8 0.5 0.25
2 2 8 0.5 0.1
2 2 8 0.25 1
2 2 8 0.25 0.75
2 2 8 0.25 0.5
2 2 8 0.25 0.25
2 2 8 0.25 0.1
2 2 8 0.1 1
2 2 8 0.1 0.75
2 2 8 0.1 0.5
2 2 8 0.1 0.25
2 2 8 0.1 0.1
2 2 10 1 1
2 2 10 1 0.75
2 2 10 1 0.5
2 2 10 1 0.25
2 2 10 1 0.1
2 2 10 0.75 1
2 2 10 0.75 0.75
2 2 10 0.75 0.5
2 2 10 0.75 0.25
2 2 10 0.75 0.1
2 2 10 0.5 1
2 2 10 0.5 0.75
2 2 10 0.5 0.5
2 2 10 0.5 0.25
2 2 10 0.5 0.1
2 2 10 0.25 1
2 2 10 0.25 0.75
2 2 10 0.25 0.5
2 2 10 0.25 0.25
2 2 10 0.25 0.1
2 2 10 0.1 1
2 2 10 0.1 0.75
2 2 10 0.1 0.5
2 2 10 0.1 0.25
2 2 10 0.1 0.1
2 2 15 1 1
2 2 15 1 0.75
2 2 15 1 0.5
2 2 15 1 0.25
2 2 15 1 0.1
2 2 15 0.75 1
2 2 15 0.75 0.75
2 2 15 0.75 0.5
2 2 15 0.75 0.25
2 2 15 0.75 0.1
2 2 15 0.5 1
2 2 15 0.5 0.75
2 2 15 0.5 0.5
2 2 15 0.5 0.25
2 2 15 0.5 0.1
2 2 15 0.25 1
2 2 15 0.25 0.75
2 2 15 0.25 0.5
2 2 15 0.25 0.25
2 2 15 0.25 0.1
2 2 15 0.1 1
2 2 15 0.1 0.75
2 2 15 0.1 0.5
2 2 15 0.1 0.25
2 2 15 0.1 0.1
3 3 5 1 1
3 3 5 1 0.75
3 3 5 1 0.5
3 3 5 1 0.25
3 3 5 1 0.1
3 3 5 0.75 1
3 3 5 0.75 0.75
3 3 5 0.75 0.5
3 3 5 0.75 0.25
3 3 5 0.75 0.1
3 3 5 0.5 1
3 3 5 0.5 0.75
3 3 5 0.5 0.5
3 3 5 0.5 0.25
3 3 5 0.5 0.1
3 3 5 0.25 1
3 3 5 0.25 0.75
3 3 5 0.25 0.5
3 3 5 0.25 0.25
3 3 5 0.25 0.1
3 3 5 0.1 1
3 3 5 0.1 0.75
3 3 5 0.1 0.5
3 3 5 0.1 0.25
3 3 5 0.1 0.1
3 3 8 1 1
3 3 8 1 0.75
3 3 8 1 0.5
3 3 8 1 0.25
3 3 8 1 0.1
3 3 8 0.75 1
3 3 8 0.75 0.75
3 3 8 0.75 0.5
3 3 8 0.75 0.25
3 3 8 0.75 0.1
3 3 8 0.5 1
3 3 8 0.5 0.75
3 3 8 0.5 0.5
3 3 8 0.5 0.25
3 3 8 0.5 0.1
3 3 8 0.25 1
3 3 8 0.25 0.75
3 3 8 0.25 0.5
3 3 8 0.25 0.25
3 3 8 0.25 0.1
3 3 8 0.1 1
3 3 8 0.1 0.75
3 3 8 0.1 0.5
3 3 8 0.1 0.25
3 3 8 0.1 0.1
3 3 10 1 1
3 3 10 1 0.75
3 3 10 1 0.5
3 3 10 1 0.25
3 3 10 1 0.1
3 3 10 0.75 1
3 3 10 0.75 0.75
3 3 10 0.75 0.5
3 3 10 0.75 0.25
3 3 10 0.75 0.1
3 3 10 0.5 1
3 3 10 0.5 0.75
3 3 10 0.5 0.5
3 3 10 0.5 0.25
3 3 10 0.5 0.1
3 3 10 0.25 1
3 3 10 0.25 0.75
3 3 10 0.25 0.5
3 3 10 0.25 0.25
3 3 10 0.25 0.1
3 3 10 0.1 1
3 3 10 0.1 0.75
3 3 10 0.1 0.5
3 3 10 0.1 0.25
3 3 10 0.1 0.1
3 3 15 1 1
3 3 15 1 0.75
3 3 15 1 0.5
3 3 15 1 0.25
3 3 15 1 0.1
3 3 15 0.75 1
3 3 15 0.75 0.75
3 3 15 0.75 0.5
3 3 15 0.75 0.25
3 3 15 0.75 0.1
3 3 15 0.5 1
3 3 15 0.5 0.75
3 3 15 0.5 0.5
3 3 15 0.5 0.25
3 3 15 0.5 0.1
3 3 15 0.25 1
3 3 15 0.25 0.75
3 3 15 0.25 0.5
3 3 15 0.25 0.25
3 3 15 0.25 0.1
3 3 15 0.1 1
3 3 15 0.1 0.75
3 3 15 0.1 0.5
3 3 15 0.1 0.25
3 3 15 0.1 0.1
3 4 5 1 1
3 4 5 1 0.75
3 4 5 1 0.5
3 4 5 1 0.25
3 4 5 1 0.1
3 4 5 0.75 1
3 4 5 0.75 0.75
3 4 5 0.75 0.5
3 4 5 0.75 0.25
3 4 5 0.75 0.1
3 4 5 0.5 1
3 4 5 0.5 0.75
3 4 5 0.5 0.5
3 4 5 0.5 0.25
3 4 5 0.5 0.1
3 4 5 0.25 1
3 4 5 0.25 0.75
3 4 5 0.25 0.5
3 4 5 0.25 0.25
3 4 5 0.25 0.1
3 4 5 0.1 1
3 4 5 0.1 0.75
3 4 5 0.1 0.5
3 4 5 0.1 0.25
3 4 5 0.1 0.1
3 4 8 1 1
3 4 8 1 0.75
3 4 8 1 0.5
3 4 8 1 0.25
3 4 8 1 0.1
3 4 8 0.75 1
3 4 8 0.75 0.75
3 4 8 0.75 0.5
3 4 8 0.75 0.25
3 4 8 0.75 0.1
3 4 8 0.5 1
3 4 8 0.5 0.75
3 4 8 0.5 0.5
3 4 8 0.5 0.25
3 4 8 0.5 0.1
3 4 8 0.25 1
3 4 8 0.25 0.75
3 4 8 0.25 0.5
3 4 8 0.25 0.25
3 4 8 0.25 0.1
3 4 8 0.1 1
3 4 8 0.1 0.75
3 4 8 0.1 0.5
3 4 8 0.1 0.25
3 4 8 0.1 0.1
3 4 10 1 1
3 4 10 1 0.75
3 4 10 1 0.5
3 4 10 1 0.25
3 4 10 1 0.1
3 4 10 0.75 1
3 4 10 0.75 0.75
3 4 10 0.75 0.5
3 4 10 0.75 0.25
3 4 10 0.75 0.1
3 4 10 0.5 1
3 4 10 0.5 0.75
3 4 10 0.5 0.5
3 4 10 0.5 0.25
3 4 10 0.5 0.1
3 4 10 0.25 1
3 4 10 0.25 0.75
3 4 10 0.25 0.5
3 4 10 0.25 0.25
3 4 10 0.25 0.1
3 4 10 0.1 1
3 4 10 0.1 0.75
3 4 10 0.1 0.5
3 4 10 0.1 0.25
3 4 10 0.1 0.1
3 4 12 1 1
3 4 12 1 0.75
3 4 12 1 0.5
3 4 12 1 0.25
3 4 12 1 0.1
3 4 12 0.75 1
3 4 12 0.75 0.75
3 4 12 0.75 0.5
3 4 12 0.75 0.25
3 4 12 0.75 0.1
3 4 12 0.5 1
3 4 12 0.5 0.75
3 4 12 0.5 0.5
3 4 12 0.5 0.25
3 4 12 0.5 0.1
3 4 12 0.25 1
3 4 12 0.25 0.75
3 4 12 0.25 0.5
3 4 12 0.25 0.25
3 4 12 0.25 0.1
3 4 12 0.1 1
3 4 12 0.1 0.75
3 4 12 0.1 0.5
3 4 12 0.1 0.25
3 4 12 0.1 0.1
4 3 5 1 1
4 3 5 1 0.75
4 3 5 1 0.5
4 3 5 1 0.25
4 3 5 1 0.1
4 3 5 0.75 1
4 3 5 0.75 0.75
4 3 5 0.75 0.5
4 3 5 0.75 0.25
4 3 5 0.75 0.1
4 3 5 0.5 1
4 3 5 0.5 0.75
4 3 5 0.5 0.5
4 3 5 0.5 0.25
4 3 5 0.5 0.1
4 3 5 0.25 1
4 3 5 0.25 0.75
4 3 5 0.25 0.5
4 3 5 0.25 0.25
4 3 5 0.25 0.1
4 3 5 0.1 1
4 3 5 0.1 0.75
4 3 5 0.1 0.5
4 3 5 0.1 0.25
4 3 5 0.1 0.1
4 3 8 1 1
4 3 8 1 0.75
4 3 8 1 0.5
4 3 8 1 0.25
4 3 8 1 0.1
4 3 8 0.75 1
4 3 8 0.75 0.75
4 3 8 0.75 0.5
4 3 8 0.75 0.25
4 3 8 0.75 0.1
4 3 8 0.5 1
4 3 8 0.5 0.75
4 3 8 0.5 0.5
4 3 8 0.5 0.25
4 3 8 0.5 0.1
4 3 8 0.25 1
4 3 8 0.25 0.75
4 3 8 0.25 0.5
4 3 8 0.25 0.25
4 3 8 0.25 0.1
4 3 8 0.1 1
4 3 8 0.1 0.75
4 3 8 0.1 0.5
4 3 8 0.1 0.25
4 3 8 0.1 0.1
4 3 10 1 1
4 3 10 1 0.75
4 3 10 1 0.5
4 3 10 1 0.25
4 3 10 1 0.1
4 3 10 0.75 1
4 3 10 0.75 0.75
4 3 10 0.75 0.5
4 3 10 0.75 0.25
4 3 10 0.75 0.1
4 3 10 0.5 1
4 3 10 0.5 0.75
4 3 10 0.5 0.5
4 3 10 0.5 0.25
4 3 10 0.5 0.1
4 3 10 0.25 1
4 3 10 0.25 0.75
4 3 10 0.25 0.5
4 3 10 0.25 0.25
4 3 10 0.25 0.1
4 3 10 0.1 1
4 3 10 0.1 0.75
4 3 10 0.1 0.5
4 3 10 0.1 0.25
4 3 10 0.1 0.1
4 3 12 1 1
4 3 12 1 0.75
4 3 12 1 0.5
4 3 12 1 0.25
4 3 12 1 0.1
4 3 12 0.75 1
4 3 12 0.75 0.75
4 3 12 0.75 0.5
4 3 12 0.75 0.25
4 3 12 0.75 0.1
4 3 12 0.5 1
4 3 12 0.5 0.75
4 3 12 0.5 0.5
4 3 12 0.5 0.25
4 3 12 0.5 0.1
4 3 12 0.25 1
4 3 12 0.25 0.75
4 3 12 0.25 0.5
4 3 12 0.25 0.25
4 3 12 0.25 0.1
4 3 12 0.1 1
4 3 12 0.1 0.75
4 3 12 0.1 0.5
4 3 12 0.1 0.25
4 3 12 0.1 0.1
